0 0.9726058980820497 0.14272798591031158 0.3458417698316554 -0.11128046383161468 0.0073025245627812655 0.7240628294921804 0.6340666528131755 0.9780712792341066
1 0.2862433900463663 0.22871687168133814 0.21185329698380578 0.22612532961233897 0.2032072757927811 0.474308960785104 0.2775973688553416 0.47690050285410324
1 0.5946393799943654 0.1481337773379831 0.5204656386570299 0.09355959484257317 0.4519399991411227 0.18669526500778177 0.5261137404784582 0.2412694475031917
1 0.21954273858230905 0.4875753797454333 0.12519192286077133 0.478559832974576 0.10956563079915531 0.6420943850310628 0.20391644652069302 0.6511099318019201
1 0.5540881349255745 0.34898523205931453 0.4345968204086484 0.23095165316408944 0.2878746282765633 0.37948589037662445 0.40736594279348937 0.49751946927184953
1 0.7586001262797063 0.4345638218930933 0.6601029083504708 0.4294959681264201 0.652532530648735 0.5766314571569146 0.7510297485779704 0.5816993109235877
1 0.7399541424275647 0.6854624389699453 0.5770282016883181 0.5700750751548734 0.4252217769833724 0.7844244088908805 0.588147717722619 0.8998117727059525
1 0.5352631785558796 0.5191012523713008 0.4277698536897853 0.48338839441184217 0.3975476798652127 0.5743551255755106 0.505041004731307 0.6100679835349693
1 0.5053569510409182 0.6153457314083357 0.3930814277721032 0.5749944602001265 0.3315681516965678 0.7461522714057061 0.44384367496538263 0.7865035426139153
1 0.3700975115058148 0.5430955683955536 0.2795335034518464 0.5288431805417586 0.2626481829807742 0.63613764339409 0.3532121910347426 0.6503900312478851
1 0.6629158571033311 0.5473129395840483 0.6451937056942143 0.30885350543109624 0.5411330841327701 0.31658722373664183 0.558855235541887 0.5550466578895938
1 0.9011631043610212 0.1255081459807522 0.7645197215220138 0.08078184290608799 0.683358509253256 0.32873756107050667 0.8200018920922636 0.37346386414517085