0 0.971359626067809 0.17518197791054368 0.1896226886283802 0.01907476728671924 0.056158355082408365 0.6874231347111993 0.8378952925218373 0.8435303453350238
1 0.3483006796696765 0.23932657092292176 0.33298454271478983 0.1593926554586719 0.1642737787203746 0.1917193237082425 0.17958991567526125 0.27165323917249234
1 0.5754789496063138 0.23711333868778767 0.391344316305267 0.20861630616314772 0.37731323064407263 0.29927868691474696 0.5614478639451195 0.32777571943938694
1 0.32148243657491404 0.3428029681799889 0.20318715688620795 0.2802636441807801 0.1382840489727932 0.40303010234366016 0.25657932866149935 0.4655694263428689
1 0.2912831018428035 0.5645741685803097 0.1333593255302931 0.4880645132048899 0.090195966765154 0.5771581129744219 0.2481197430776644 0.6536677683498416
1 0.7716829759373984 0.7568267835346447 0.762184820696702 0.6877824766076832 0.5452542975543773 0.7176247601638194 0.5547524527950737 0.7866690670907809
1 0.9282229985913928 0.4754792534972639 0.8209665664038643 0.3934085631931676 0.7516365912499715 0.4840144268834036 0.8588930234375001 0.5660851171875001
1 0.7994553744971538 0.5686811469422259 0.6161540580519875 0.55948069948356 0.6106830320711271 0.6684804268449575 0.7939843485162933 0.6776808743036233
1 0.5582865185431974 0.41041308214514166 0.4588143413348272 0.2872570317454478 0.23423141591858104 0.4686509014130527 0.33370359312695136 0.5918069518127466
1 0.7592525457454695 0.44642725689245194 0.7064432014674455 0.31580030381992286 0.4333194019432202 0.4262177055914266 0.48612874622124413 0.5568446586639556
1 0.48895904646286814 0.6653725287122687 0.48404324820242045 0.5406050269133698 0.2813662115357428 0.5485904350518177 0.28628200979619056 0.6733579368507167